# Palette
# Mode: RGB
0 0 136 72
1 248 224 208
2 248 192 160
3 200 136 112
4 152 88 72
5 166 166 166
6 103 103 103
7 41 41 41
8 17 17 17
9 255 255 255
10 212 215 255
11 176 176 229
12 119 123 185
13 195 0 0
14 167 0 0
15 140 0 0
16 113 0 0
17 63 86 149
18 42 60 125
19 21 35 102
20 0 10 79
21 3 3 0
22 0 109 113
23 0 50 66
24 162 159 212
25 252 252 252
26 52 44 44
27 13 13 13
28 123 83 83
29 108 71 71
30 79 43 43
31 166 166 166
32 72 72 72
33 169 195 200
34 255 126 126
35 251 251 251
36 203 208 230
37 154 165 209
38 105 122 187
39 56 79 166
40 0 255 0
41 0 255 0
42 0 255 0
43 0 255 0
44 0 255 0
45 0 255 0
46 0 255 0
47 0 255 0
48 255 0 0
49 0 2 8
50 0 0 31
51 0 0 22
52 0 10 23
53 0 6 38
54 0 10 16
55 8 8 8
56 0 3 60
57 3 0 53
58 0 10 49
59 0 0 78
60 0 19 39
61 10 20 1
62 0 0 102
63 0 12 76
64 16 16 16
65 1 20 34
66 0 30 6
67 11 0 94
68 0 22 65
69 12 22 28
70 0 30 55
71 0 19 92
72 10 1 121
73 19 29 10
74 24 24 24
75 0 30 81
76 13 29 49
77 0 20 116
78 11 1 148
79 0 29 106
80 6 36 57
81 0 14 142
82 6 0 171
83 0 42 76
84 21 0 162
85 24 34 40
86 31 32 31
87 14 32 80
88 0 41 101
89 0 31 133
90 9 31 113
91 0 50 86
92 0 41 125
93 23 0 189
94 40 40 40
95 12 45 87
96 34 44 51
97 0 55 112
98 27 49 64
99 0 41 155
100 25 0 215
101 48 48 48
102 0 53 140
103 0 29 191
104 34 46 99
105 25 35 144
106 0 10 232
107 10 58 112
108 4 44 162
109 25 60 85
110 0 69 127
111 33 0 237
112 47 0 248
113 0 60 165
114 48 61 71
115 20 53 151
116 59 59 58
117 0 77 143
118 23 70 111
119 11 76 115
120 0 57 189
121 0 70 172
122 36 40 184
123 0 85 152
124 53 58 137
125 44 74 96
126 0 66 217
127 42 72 138
128 70 74 76
129 0 83 192
130 2 75 202
131 26 87 140
132 0 115 102
133 0 96 174
134 21 75 183
135 64 26 244
136 15 89 164
137 20 60 230
138 0 91 209
139 0 79 228
140 72 85 97
141 0 107 190
142 51 91 125
143 44 89 166
144 72 72 173
145 0 99 223
146 0 91 243
147 78 50 241
148 0 120 210
149 12 105 209
150 16 90 236
151 0 110 236
152 95 96 96
153 40 109 170
154 39 103 197
155 70 107 141
156 68 66 249
157 55 90 217
158 68 100 178
159 0 120 244
160 17 114 235
161 0 134 241
162 29 104 245
163 8 149 158
164 103 110 117
165 13 125 242
166 36 123 218
167 10 142 245
168 85 92 244
169 76 125 178
170 68 123 203
171 96 112 187
172 47 117 245
173 40 132 244
174 26 145 245
175 60 136 214
176 59 127 240
177 125 126 126
178 1 184 167
179 92 122 215
180 113 130 157
181 63 153 186
182 44 148 247
183 78 131 248
184 63 144 245
185 47 164 226
186 31 170 246
187 114 140 195
188 76 152 242
189 103 144 217
190 125 123 248
191 61 170 249
192 145 148 150
193 95 149 244
194 88 162 239
195 39 192 248
196 130 157 198
197 86 172 245
198 17 213 221
199 103 168 240
200 80 184 248
201 117 165 244
202 163 164 164
203 15 230 233
204 61 206 235
205 96 189 244
206 109 180 247
207 153 166 213
208 123 183 244
209 134 177 244
210 113 193 247
211 149 185 237
212 38 245 246
213 140 191 250
214 183 185 186
215 109 212 242
216 131 202 249
217 176 187 231
218 98 225 245
219 68 246 244
220 155 200 247
221 159 211 246
222 131 228 244
223 177 206 249
224 173 217 247
225 207 209 213
226 126 248 250
227 193 219 241
228 184 225 251
229 150 252 246
230 203 229 247
231 227 229 231
232 172 254 251
233 184 251 248
234 215 236 249
235 223 245 254
236 232 242 248
237 240 240 240
238 240 250 255
239 248 248 248
240 0 0 0
241 0 0 0
242 0 0 0
243 0 0 0
244 0 0 0
245 0 0 0
246 0 0 0
247 0 0 0
248 0 0 0
249 0 0 0
250 0 0 0
251 0 0 0
252 0 0 0
253 0 0 0
254 0 0 0
255 0 0 0
